907149061344354304
907149074527043614
907149270023548939
907149342173954048
907149062023823400
907149058144088135
907149153434488832
907149074850013195
907149057238126602
907149073595891732
907149077093974056
907149400705486878
907149079308550205
907149211286503455
907149104474382407
907149060429971467
907149463628414976
907149414123077662
907149071796568074
907149278886105099
907149076120862750
907149108714803241
907149368770060319
907149333437222942
907149234237739040
907149139442278441
907149072157261835
907149324197191680
907149423161786378
907149436629680138
907149113706029096
907149495224107030
907149310674731018
907149065844846663
907149171281264711
907149220732108810
907149481370320937
907149198258999296
907149405143048192
907149075391082508
907149062325813319
907149067619020822
907149064666238987
907149216240005150
907149079870578740
907149060060889098
907149395848491029
907149202767896606
907149073889513535
907149058680971275
907149068415959080
907149117640310874
907149055447162971
907149059356262437
907149189161549875
907149070538276905
907149126410580009
907149057665933352
907149166742994974
907149499594600488
907149105199988757
907149148753645568
907149418678079579
907149056894197780
907149135235416094
907149070110429195
907149252290052126
907149409643536424
907149490643951616
907149071461019658
907149070949302305
907149088250798150
907149229816958986
907149092755501066
907149092403167262
907149445651648552
907149066125844512
907149382682566786
907149096907849758
907149360129785916
907149087583903744
907149073113575434
907149224976715797
907149066826317834
907149083083419688
907149059091988480
907149130550353921
907149296951001089
907149064716562452
907149064141963274
907149100376535042
907149364261191722
907149067304439839
907149441151164466
907149075059703829
907149193758515230
907149079690240080
907149351263010898
907149431785283595
907149247638548501
907149328714440764
907149063273734145
907149056214728785
907149207280943154
907149062938193920
907149454711349249
907149243117088779
907149078822002728
907149065429606430
907149283722149978
907149144177664060
907149387266924564
907149449770442763
907149391675158588
907149274737958942
907149055371653161
907149092004704276
907149305859698700
907149238566289419
907149427662282803
907149468191834162
907149068680183820
907149184887566406
907149486101504000
907149096480047114
907149054180491284
907149355377639475
907149301707337748
907149346406010952
907149180257062912
907149162288660541
907149458888863775
907149083876151377
907149061256257537
907149175739793479
907149076338995211
907149056571228180
